Time Stratified Petersen with Non-Diagonal recaptures, error in smoothed U, and non-parametric modelling of travel times -  Wed Nov 28 09:24:16 2018
Version:  2018-12-01

 Conne River 2009 Atlantic Salmon NP Results 

*** Raw data *** (padded to match length of u2) 
   time  n1 m2.X0 m2.X1 m2.X2 m2.X3 m2.X4 m2.X5 m2.X6 m2.X7   u2 sampfrac logitP.cov jump
1   120  25     0     0     1     0     0     1     0     0    0        1          1     
2   121  75     0     2     2     2     2     1     0     0  133        1          1     
3   122  97     0     0     1     4     1     0     0     1  158        1          1     
4   123 127     0     2     5     0     0     1     0     0  128        1          1     
5   124 194     0     6     2     1     0     0     0     0  197        1          1     
6   125 200     2    22     4     1     0     0     0     0  522        1          1     
7   126 216     8    12     4     1     1     0     0     0  859        1          1     
8   127 215     1    26     2     0     1     0     0     1  427        1          1     
9   128 205    11    13    11     0     0     0     0     0  849        1          1     
10  129 202     3    23     2     0     0     0     0     0  488        1          1     
11  130 222     7     1     1     0     0     0     0     0 1080        1          1     
12  131 158     0     0     0     0     0     0     0     0  350        1          1     
13  132   1     0     0     0     0     0     0     0     0    0        1          1     
14  133   1     0     0     0     0     0     0     0     0    0        1          1     
15  134 161     0    12     6     2     0     0     0     0   58        1          1     
16  135 198     3    12     1     0     0     0     1     0  336        1          1     
17  136  61     0     0     1     0     0     0     0     0  118        1          1     
18  137  66     0     1     4     1     0     0     0     0   72        1          1     
19  138  31     0     0     3     0     0     0     0     0   34        1          1     
20  139  11     0     0     0     0     0     0     0     0   26        1          1     
21  140  12     0     0     0     0     0     0     0     0   21        1          1     
22  141   5     0     0     0     0     0     0     0     0   16        1          1     
23  142  NA    NA    NA    NA    NA    NA    NA    NA    NA   22        1          1     
24  143  NA    NA    NA    NA    NA    NA    NA    NA    NA   22        1          1     
25  144  NA    NA    NA    NA    NA    NA    NA    NA    NA    1        1          1     
26  145  NA    NA    NA    NA    NA    NA    NA    NA    NA    1        1          1     
27  146  NA    NA    NA    NA    NA    NA    NA    NA    NA    5        1          1     
28  147  NA    NA    NA    NA    NA    NA    NA    NA    NA    3        1          1     


Jump point are after strata: none - A single spline is fit
Maximum travel time (Delta.max):  7
Fixed logitP indices are: 132 133
Fixed logitP values  are: -10 -10

*** Pooled Petersen Estimate prior to fixing bad n1, m2, or u2 values  CHECK - CHECK - CHECK - CHECK ***

Total n1= 2483 ;  m2= 240 ;  u2= 5926 

Est U(total)  61,089   (SE  3,806 )




*** Pooled Petersen Estimate after fixing bad m2 values  CHECK - CHECK - CHECK - CHECK ***

The following strata were excluded:  NONE 
Total n1= 2483 ;  m2= 240 ;  u2= 5926 

Est U(total)  61,089   (SE  3,806 )




*** Revised data *** 
   time  n1 m2.X0 m2.X1 m2.X2 m2.X3 m2.X4 m2.X5 m2.X6 m2.X7   u2 sampfrac logitP.cov jump.after
1   120  25     0     0     1     0     0     1     0     0    0        1          1           
2   121  75     0     2     2     2     2     1     0     0  133        1          1           
3   122  97     0     0     1     4     1     0     0     1  158        1          1           
4   123 127     0     2     5     0     0     1     0     0  128        1          1           
5   124 194     0     6     2     1     0     0     0     0  197        1          1           
6   125 200     2    22     4     1     0     0     0     0  522        1          1           
7   126 216     8    12     4     1     1     0     0     0  859        1          1           
8   127 215     1    26     2     0     1     0     0     1  427        1          1           
9   128 205    11    13    11     0     0     0     0     0  849        1          1           
10  129 202     3    23     2     0     0     0     0     0  488        1          1           
11  130 222     7     1     1     0     0     0     0     0 1080        1          1           
12  131 158     0     0     0     0     0     0     0     0  350        1          1           
13  132   1     0     0     0     0     0     0     0     0    0        1          1           
14  133   1     0     0     0     0     0     0     0     0    0        1          1           
15  134 161     0    12     6     2     0     0     0     0   58        1          1           
16  135 198     3    12     1     0     0     0     1     0  336        1          1           
17  136  61     0     0     1     0     0     0     0     0  118        1          1           
18  137  66     0     1     4     1     0     0     0     0   72        1          1           
19  138  31     0     0     3     0     0     0     0     0   34        1          1           
20  139  11     0     0     0     0     0     0     0     0   26        1          1           
21  140  12     0     0     0     0     0     0     0     0   21        1          1           
22  141   5     0     0     0     0     0     0     0     0   16        1          1           
23  142  NA    NA    NA    NA    NA    NA    NA    NA    NA   22        1          1           
24  143  NA    NA    NA    NA    NA    NA    NA    NA    NA   22        1          1           
25  144  NA    NA    NA    NA    NA    NA    NA    NA    NA    1        1          1           
26  145  NA    NA    NA    NA    NA    NA    NA    NA    NA    1        1          1           
27  146  NA    NA    NA    NA    NA    NA    NA    NA    NA    5        1          1           
28  147  NA    NA    NA    NA    NA    NA    NA    NA    NA    3        1          1           


*** Expanded m2 array ***

      [,1] [,2] [,3] [,4] [,5] [,6] [,7] [,8] [,9] [,10] [,11] [,12] [,13] [,14] [,15] [,16] [,17] [,18] [,19] [,20] [,21] [,22] [,23] [,24] [,25] [,26] [,27] [,28] [,29]
 [1,]    0    0    1    0    0    1    0    0    0     0     0     0     0     0     0     0     0     0     0     0     0     0     0     0     0     0     0     0    23
 [2,]    0    0    2    2    2    2    1    0    0     0     0     0     0     0     0     0     0     0     0     0     0     0     0     0     0     0     0     0    66
 [3,]    0    0    0    0    1    4    1    0    0     1     0     0     0     0     0     0     0     0     0     0     0     0     0     0     0     0     0     0    90
 [4,]    0    0    0    0    2    5    0    0    1     0     0     0     0     0     0     0     0     0     0     0     0     0     0     0     0     0     0     0   119
 [5,]    0    0    0    0    0    6    2    1    0     0     0     0     0     0     0     0     0     0     0     0     0     0     0     0     0     0     0     0   185
 [6,]    0    0    0    0    0    2   22    4    1     0     0     0     0     0     0     0     0     0     0     0     0     0     0     0     0     0     0     0   171
 [7,]    0    0    0    0    0    0    8   12    4     1     1     0     0     0     0     0     0     0     0     0     0     0     0     0     0     0     0     0   190
 [8,]    0    0    0    0    0    0    0    1   26     2     0     1     0     0     1     0     0     0     0     0     0     0     0     0     0     0     0     0   184
 [9,]    0    0    0    0    0    0    0    0   11    13    11     0     0     0     0     0     0     0     0     0     0     0     0     0     0     0     0     0   170
[10,]    0    0    0    0    0    0    0    0    0     3    23     2     0     0     0     0     0     0     0     0     0     0     0     0     0     0     0     0   174
[11,]    0    0    0    0    0    0    0    0    0     0     7     1     1     0     0     0     0     0     0     0     0     0     0     0     0     0     0     0   213
[12,]    0    0    0    0    0    0    0    0    0     0     0     0     0     0     0     0     0     0     0     0     0     0     0     0     0     0     0     0   158
[13,]    0    0    0    0    0    0    0    0    0     0     0     0     0     0     0     0     0     0     0     0     0     0     0     0     0     0     0     0     1
[14,]    0    0    0    0    0    0    0    0    0     0     0     0     0     0     0     0     0     0     0     0     0     0     0     0     0     0     0     0     1
[15,]    0    0    0    0    0    0    0    0    0     0     0     0     0     0     0    12     6     2     0     0     0     0     0     0     0     0     0     0   141
[16,]    0    0    0    0    0    0    0    0    0     0     0     0     0     0     0     3    12     1     0     0     0     1     0     0     0     0     0     0   181
[17,]    0    0    0    0    0    0    0    0    0     0     0     0     0     0     0     0     0     0     1     0     0     0     0     0     0     0     0     0    60
[18,]    0    0    0    0    0    0    0    0    0     0     0     0     0     0     0     0     0     0     1     4     1     0     0     0     0     0     0     0    60
[19,]    0    0    0    0    0    0    0    0    0     0     0     0     0     0     0     0     0     0     0     0     3     0     0     0     0     0     0     0    28
[20,]    0    0    0    0    0    0    0    0    0     0     0     0     0     0     0     0     0     0     0     0     0     0     0     0     0     0     0     0    11
[21,]    0    0    0    0    0    0    0    0    0     0     0     0     0     0     0     0     0     0     0     0     0     0     0     0     0     0     0     0    12
[22,]    0    0    0    0    0    0    0    0    0     0     0     0     0     0     0     0     0     0     0     0     0     0     0     0     0     0     0     0     5


*** Information on priors *** 
   Parameters for prior on tauU (variance in spline coefficients):  1 0.05  which corresponds to a mean/std dev of 1/var of: 20 20 
   Parameters for prior on taueU (variance of log(U) about spline):  1 0.05  which corresponds to a mean/std dev of 1/var of: 20 20 
   Parameters for prior on beta.logitP[1] (intercept) (mean, 1/var): -2.235 0.6666  which corresponds to a median P of  0.097 
   Parameters for prior on tauP (residual variance of logit(P) after adjusting for covariates):  0.001 0.001  which corresponds to a mean/std dev of 1/var of: 1 31.62 
   Parameters for prior on tauTT (variance of continuation ratios for travel times):  0.1 0.1  which corresponds to a mean/std dev of 1/var of: 1 3.16 
   Parameters for prior on muTT (movement rates).
       Input values 
       which corresponds to 
        mean.muTT:  0 0 0 0 0 0 0 
          sd.muTT:  1.225358 1.225358 1.225358 1.225358 1.225358 1.225358 1.225358 
    Use the visualize.muTT.prior function for more details on prior on movements



Initial seed for this run is:  743431 


*** Summary of MCMC results *** 

Inference for Bugs model at "model.R", fit using JAGS,
Current: 3 chains, each with 5000 iterations (first 1000 discarded), n.thin = 13
Cumulative: n.sims = 921 iterations saved
                    mean       sd      2.5%       25%       50%       75%     97.5%  Rhat n.eff
Ntot           67351.796 5734.757 57359.000 63336.000 66943.000 70991.000 79279.000 1.000   920
Theta[1,1]         0.128    0.118     0.008     0.043     0.092     0.170     0.483 1.006   350
Theta[2,1]         0.259    0.160     0.024     0.134     0.240     0.361     0.616 1.001   920
Theta[3,1]         0.373    0.163     0.098     0.249     0.361     0.481     0.710 1.008   330
Theta[4,1]         0.107    0.092     0.008     0.041     0.078     0.146     0.346 1.000   920
Theta[5,1]         0.047    0.052     0.002     0.013     0.030     0.062     0.199 1.013   150
Theta[6,1]         0.052    0.057     0.003     0.015     0.033     0.066     0.213 1.002   910
Theta[7,1]         0.013    0.020     0.000     0.002     0.006     0.016     0.063 1.006   750
Theta[8,1]         0.021    0.031     0.000     0.004     0.010     0.025     0.103 1.004   400
Theta[9,1]         0.058    0.050     0.005     0.024     0.045     0.078     0.183 1.003   920
Theta[10,1]        0.273    0.122     0.078     0.182     0.256     0.357     0.532 1.000   920
Theta[11,1]        0.306    0.115     0.101     0.224     0.300     0.381     0.545 1.003   770
Theta[12,1]        0.191    0.101     0.043     0.116     0.172     0.250     0.436 1.006   520
Theta[13,1]        0.098    0.062     0.017     0.052     0.083     0.130     0.252 1.001   920
Theta[14,1]        0.045    0.038     0.005     0.019     0.034     0.057     0.142 1.001   920
Theta[15,1]        0.012    0.014     0.000     0.002     0.007     0.016     0.047 1.001   920
Theta[16,1]        0.017    0.019     0.001     0.004     0.011     0.024     0.066 1.003   640
Theta[17,1]        0.071    0.062     0.005     0.026     0.055     0.096     0.236 1.000   920
Theta[18,1]        0.219    0.128     0.029     0.117     0.206     0.309     0.504 1.000   920
Theta[19,1]        0.298    0.130     0.077     0.203     0.286     0.383     0.574 1.001   920
Theta[20,1]        0.271    0.124     0.084     0.177     0.257     0.342     0.547 1.000   920
Theta[21,1]        0.062    0.049     0.008     0.029     0.049     0.081     0.198 1.007   920
Theta[22,1]        0.034    0.035     0.002     0.011     0.023     0.046     0.136 1.000   920
Theta[1,2]         0.015    0.019     0.000     0.003     0.008     0.018     0.068 1.006   880
Theta[2,2]         0.031    0.032     0.002     0.010     0.022     0.040     0.110 1.002   830
Theta[3,2]         0.086    0.077     0.005     0.032     0.066     0.115     0.288 0.999   920
Theta[4,2]         0.419    0.142     0.116     0.315     0.423     0.516     0.692 1.013   350
Theta[5,2]         0.398    0.134     0.170     0.302     0.385     0.489     0.700 1.001   920
Theta[6,2]         0.041    0.037     0.003     0.015     0.031     0.055     0.139 1.002   660
Theta[7,2]         0.023    0.026     0.001     0.006     0.014     0.029     0.091 1.014   140
Theta[8,2]         0.019    0.020     0.001     0.006     0.014     0.026     0.071 1.001   920
Theta[9,2]         0.006    0.009     0.000     0.001     0.003     0.007     0.032 1.002   820
Theta[10,2]        0.008    0.011     0.000     0.001     0.004     0.010     0.037 1.003   700
Theta[11,2]        0.139    0.123     0.008     0.046     0.102     0.196     0.473 1.001   920
Theta[12,2]        0.599    0.150     0.296     0.494     0.606     0.714     0.865 1.010   300
Theta[13,2]        0.149    0.077     0.039     0.092     0.133     0.190     0.332 1.004   560
Theta[14,2]        0.079    0.072     0.006     0.029     0.057     0.106     0.266 1.002   710
Theta[15,2]        0.014    0.017     0.000     0.003     0.008     0.019     0.058 1.005   340
Theta[16,2]        0.010    0.015     0.000     0.002     0.005     0.013     0.045 1.002   920
Theta[17,2]        0.003    0.006     0.000     0.000     0.001     0.004     0.020 1.000   920
Theta[18,2]        0.006    0.009     0.000     0.001     0.003     0.007     0.030 1.001   920
Theta[19,2]        0.095    0.052     0.022     0.057     0.084     0.120     0.221 1.005   350
Theta[20,2]        0.631    0.093     0.444     0.572     0.634     0.694     0.797 1.003   500
Theta[21,2]        0.220    0.082     0.086     0.157     0.215     0.276     0.399 1.000   920
Theta[22,2]        0.032    0.023     0.003     0.015     0.026     0.044     0.092 1.001   920
Theta[1,3]         0.009    0.010     0.000     0.002     0.006     0.013     0.035 1.007   290
Theta[2,3]         0.006    0.007     0.000     0.001     0.003     0.007     0.025 1.005   920
Theta[3,3]         0.003    0.005     0.000     0.000     0.001     0.003     0.016 1.009   790
Theta[4,3]         0.004    0.010     0.000     0.000     0.002     0.005     0.020 1.002   920
Theta[5,3]         0.204    0.071     0.089     0.152     0.194     0.247     0.361 1.000   920
Theta[6,3]         0.572    0.093     0.383     0.511     0.575     0.635     0.746 1.004   470
Theta[7,3]         0.135    0.055     0.049     0.094     0.127     0.169     0.260 1.001   920
Theta[8,3]         0.047    0.033     0.006     0.023     0.038     0.065     0.126 1.002   900
Theta[9,3]         0.019    0.017     0.002     0.007     0.014     0.026     0.065 1.007   290
Theta[10,3]        0.011    0.014     0.000     0.003     0.006     0.014     0.048 1.000   920
Theta[11,3]        0.005    0.009     0.000     0.001     0.002     0.005     0.025 1.002   920
Theta[12,3]        0.007    0.011     0.000     0.001     0.003     0.008     0.041 1.001   920
Theta[13,3]        0.076    0.048     0.011     0.041     0.064     0.100     0.200 1.000   920
Theta[14,3]        0.678    0.097     0.485     0.613     0.679     0.751     0.847 1.007   270
Theta[15,3]        0.135    0.065     0.037     0.087     0.127     0.174     0.289 1.009   240
Theta[16,3]        0.027    0.021     0.003     0.012     0.022     0.036     0.087 1.002   910
Theta[17,3]        0.035    0.031     0.003     0.014     0.025     0.047     0.124 1.006   560
Theta[18,3]        0.021    0.025     0.001     0.005     0.013     0.026     0.089 1.004   920
Theta[19,3]        0.010    0.013     0.000     0.002     0.005     0.012     0.047 1.002   740
Theta[20,3]        0.019    0.022     0.001     0.005     0.012     0.025     0.084 1.003   500
Theta[21,3]        0.245    0.075     0.125     0.192     0.236     0.290     0.414 1.006   530
Theta[22,3]        0.468    0.091     0.289     0.409     0.469     0.532     0.638 1.002   840
Theta[1,4]         0.235    0.066     0.123     0.189     0.229     0.280     0.370 1.001   920
Theta[2,4]         0.027    0.026     0.001     0.008     0.019     0.035     0.101 1.005   430
Theta[3,4]         0.012    0.018     0.000     0.002     0.006     0.016     0.060 1.000   920
Theta[4,4]         0.007    0.011     0.000     0.001     0.003     0.009     0.042 1.002   720
Theta[5,4]         0.002    0.004     0.000     0.000     0.001     0.003     0.016 1.004   420
Theta[6,4]         0.004    0.005     0.000     0.001     0.002     0.005     0.018 1.001   920
Theta[7,4]         0.138    0.073     0.033     0.084     0.127     0.178     0.313 1.006   330
Theta[8,4]         0.580    0.112     0.353     0.500     0.587     0.659     0.800 1.006   470
Theta[9,4]         0.186    0.087     0.055     0.119     0.175     0.240     0.390 1.000   920
Theta[10,4]        0.057    0.059     0.001     0.017     0.038     0.077     0.219 1.003   580
Theta[11,4]        0.020    0.029     0.000     0.003     0.010     0.026     0.100 1.006   310
Theta[12,4]        0.011    0.015     0.000     0.002     0.005     0.014     0.053 1.000   920
Theta[13,4]        0.003    0.005     0.000     0.000     0.001     0.004     0.017 0.999   920
Theta[14,4]        0.005    0.009     0.000     0.001     0.002     0.006     0.031 1.000   920
Theta[15,4]        0.160    0.062     0.063     0.114     0.152     0.196     0.309 1.001   920
Theta[16,4]        0.181    0.113     0.031     0.096     0.159     0.244     0.490 1.000   920
Theta[17,4]        0.532    0.150     0.220     0.431     0.546     0.649     0.775 1.002   780
Theta[18,4]        0.085    0.086     0.002     0.026     0.057     0.116     0.315 1.004   920
Theta[19,4]        0.023    0.029     0.000     0.004     0.012     0.030     0.109 1.008   480
Theta[20,4]        0.009    0.011     0.000     0.002     0.005     0.012     0.039 1.002   920
Theta[21,4]        0.004    0.007     0.000     0.001     0.002     0.004     0.022 1.000   920
Theta[22,4]        0.006    0.009     0.000     0.001     0.003     0.007     0.032 1.002   920
Theta[1,5]         0.065    0.059     0.005     0.024     0.050     0.083     0.226 1.002   920
Theta[2,5]         0.538    0.226     0.101     0.367     0.557     0.712     0.916 1.001   920
Theta[3,5]         0.318    0.203     0.029     0.157     0.280     0.457     0.758 1.001   920
Theta[4,5]         0.049    0.052     0.001     0.013     0.033     0.066     0.195 1.000   920
Theta[5,5]         0.013    0.016     0.000     0.003     0.007     0.017     0.056 1.006   310
Theta[6,5]         0.008    0.012     0.000     0.001     0.004     0.011     0.042 1.003   590
Theta[7,5]         0.004    0.008     0.000     0.000     0.001     0.003     0.021 1.002   920
Theta[8,5]         0.005    0.009     0.000     0.001     0.002     0.005     0.024 1.002   920
Theta[9,5]         0.138    0.140     0.008     0.043     0.094     0.183     0.544 1.000   920
Theta[10,5]        0.429    0.216     0.052     0.268     0.413     0.593     0.852 1.003   920
Theta[11,5]        0.296    0.175     0.030     0.159     0.275     0.404     0.682 1.000   920
Theta[12,5]        0.074    0.077     0.003     0.020     0.050     0.100     0.283 1.000   920
Theta[13,5]        0.029    0.042     0.000     0.005     0.014     0.035     0.142 1.002   710
Theta[14,5]        0.018    0.032     0.000     0.002     0.008     0.020     0.090 1.000   920
Theta[15,5]        0.007    0.012     0.000     0.001     0.002     0.007     0.039 1.001   920
Theta[16,5]        0.010    0.017     0.000     0.001     0.004     0.011     0.059 1.002   700
Theta[17,5]        0.130    0.127     0.008     0.044     0.093     0.170     0.472 1.004   440
Theta[18,5]        0.422    0.214     0.048     0.245     0.419     0.579     0.837 1.000   920
Theta[19,5]        0.305    0.184     0.033     0.162     0.271     0.420     0.715 1.000   920
Theta[20,5]        0.077    0.077     0.003     0.023     0.052     0.104     0.285 1.002   920
Theta[21,5]        0.031    0.042     0.000     0.006     0.015     0.040     0.153 1.004   400
Theta[22,5]        0.018    0.026     0.000     0.003     0.009     0.022     0.091 1.003   920
 [ reached getOption("max.print") -- omitted 236 rows ]

For each parameter, n.eff is a crude measure of effective sample size,
and Rhat is the potential scale reduction factor (at convergence, Rhat=1).

DIC info (using the rule, pD = var(deviance)/2)
pD = 217.236 and DIC = 245.742
DIC is an estimate of expected predictive error (lower deviance is better).


*** Alternate DIC computation based on p_D = var(deviance)/2 
    D-bar:  445.7322 ;  var(dev):  246.0346 ; p.D:  123.0173 ; DIC:  568.7495



*** Summary of Unmarked Population Size ***
  mean     sd   2.5%    25%    50%    75%  97.5%   Rhat  n.eff 
64,868  5,734 54,875 60,852 64,460 68,508 76,795   1.00    920 


*** Summary of Total Population Size *** 
  mean     sd   2.5%    25%    50%    75%  97.5%   Rhat  n.eff 
67,351  5,734 57,358 63,336 66,942 70,990 79,279   1.00    920 




*** Summary of Quantiles of Run Timing *** 
    This is based on the sample weeks provided and the U[i] values 
       0%    10%    20%    30%    40%    50%    60%    70%    80%    90% 100%
Mean  120 123.99 125.42 126.60 127.79 129.04 130.29 131.47 132.91 135.25  148
Sd      0   0.47   0.42   0.44   0.48   0.52   0.47   0.43   0.43   0.42    0


*** end of fit ***  Wed Nov 28 09:24:34 2018