Ntot 1 307
Theta[1,1] 308 614
Theta[2,1] 615 921
Theta[3,1] 922 1228
Theta[4,1] 1229 1535
Theta[5,1] 1536 1842
Theta[6,1] 1843 2149
Theta[7,1] 2150 2456
Theta[8,1] 2457 2763
Theta[9,1] 2764 3070
Theta[10,1] 3071 3377
Theta[11,1] 3378 3684
Theta[12,1] 3685 3991
Theta[13,1] 3992 4298
Theta[14,1] 4299 4605
Theta[15,1] 4606 4912
Theta[16,1] 4913 5219
Theta[17,1] 5220 5526
Theta[18,1] 5527 5833
Theta[19,1] 5834 6140
Theta[20,1] 6141 6447
Theta[21,1] 6448 6754
Theta[22,1] 6755 7061
Theta[1,2] 7062 7368
Theta[2,2] 7369 7675
Theta[3,2] 7676 7982
Theta[4,2] 7983 8289
Theta[5,2] 8290 8596
Theta[6,2] 8597 8903
Theta[7,2] 8904 9210
Theta[8,2] 9211 9517
Theta[9,2] 9518 9824
Theta[10,2] 9825 10131
Theta[11,2] 10132 10438
Theta[12,2] 10439 10745
Theta[13,2] 10746 11052
Theta[14,2] 11053 11359
Theta[15,2] 11360 11666
Theta[16,2] 11667 11973
Theta[17,2] 11974 12280
Theta[18,2] 12281 12587
Theta[19,2] 12588 12894
Theta[20,2] 12895 13201
Theta[21,2] 13202 13508
Theta[22,2] 13509 13815
Theta[1,3] 13816 14122
Theta[2,3] 14123 14429
Theta[3,3] 14430 14736
Theta[4,3] 14737 15043
Theta[5,3] 15044 15350
Theta[6,3] 15351 15657
Theta[7,3] 15658 15964
Theta[8,3] 15965 16271
Theta[9,3] 16272 16578
Theta[10,3] 16579 16885
Theta[11,3] 16886 17192
Theta[12,3] 17193 17499
Theta[13,3] 17500 17806
Theta[14,3] 17807 18113
Theta[15,3] 18114 18420
Theta[16,3] 18421 18727
Theta[17,3] 18728 19034
Theta[18,3] 19035 19341
Theta[19,3] 19342 19648
Theta[20,3] 19649 19955
Theta[21,3] 19956 20262
Theta[22,3] 20263 20569
Theta[1,4] 20570 20876
Theta[2,4] 20877 21183
Theta[3,4] 21184 21490
Theta[4,4] 21491 21797
Theta[5,4] 21798 22104
Theta[6,4] 22105 22411
Theta[7,4] 22412 22718
Theta[8,4] 22719 23025
Theta[9,4] 23026 23332
Theta[10,4] 23333 23639
Theta[11,4] 23640 23946
Theta[12,4] 23947 24253
Theta[13,4] 24254 24560
Theta[14,4] 24561 24867
Theta[15,4] 24868 25174
Theta[16,4] 25175 25481
Theta[17,4] 25482 25788
Theta[18,4] 25789 26095
Theta[19,4] 26096 26402
Theta[20,4] 26403 26709
Theta[21,4] 26710 27016
Theta[22,4] 27017 27323
Theta[1,5] 27324 27630
Theta[2,5] 27631 27937
Theta[3,5] 27938 28244
Theta[4,5] 28245 28551
Theta[5,5] 28552 28858
Theta[6,5] 28859 29165
Theta[7,5] 29166 29472
Theta[8,5] 29473 29779
Theta[9,5] 29780 30086
Theta[10,5] 30087 30393
Theta[11,5] 30394 30700
Theta[12,5] 30701 31007
Theta[13,5] 31008 31314
Theta[14,5] 31315 31621
Theta[15,5] 31622 31928
Theta[16,5] 31929 32235
Theta[17,5] 32236 32542
Theta[18,5] 32543 32849
Theta[19,5] 32850 33156
Theta[20,5] 33157 33463
Theta[21,5] 33464 33770
Theta[22,5] 33771 34077
Theta[1,6] 34078 34384
Theta[2,6] 34385 34691
Theta[3,6] 34692 34998
Theta[4,6] 34999 35305
Theta[5,6] 35306 35612
Theta[6,6] 35613 35919
Theta[7,6] 35920 36226
Theta[8,6] 36227 36533
Theta[9,6] 36534 36840
Theta[10,6] 36841 37147
Theta[11,6] 37148 37454
Theta[12,6] 37455 37761
Theta[13,6] 37762 38068
Theta[14,6] 38069 38375
Theta[15,6] 38376 38682
Theta[16,6] 38683 38989
Theta[17,6] 38990 39296
Theta[18,6] 39297 39603
Theta[19,6] 39604 39910
Theta[20,6] 39911 40217
Theta[21,6] 40218 40524
Theta[22,6] 40525 40831
Theta[1,7] 40832 41138
Theta[2,7] 41139 41445
Theta[3,7] 41446 41752
Theta[4,7] 41753 42059
Theta[5,7] 42060 42366
Theta[6,7] 42367 42673
Theta[7,7] 42674 42980
Theta[8,7] 42981 43287
Theta[9,7] 43288 43594
Theta[10,7] 43595 43901
Theta[11,7] 43902 44208
Theta[12,7] 44209 44515
Theta[13,7] 44516 44822
Theta[14,7] 44823 45129
Theta[15,7] 45130 45436
Theta[16,7] 45437 45743
Theta[17,7] 45744 46050
Theta[18,7] 46051 46357
Theta[19,7] 46358 46664
Theta[20,7] 46665 46971
Theta[21,7] 46972 47278
Theta[22,7] 47279 47585
Theta[1,8] 47586 47892
Theta[2,8] 47893 48199
Theta[3,8] 48200 48506
Theta[4,8] 48507 48813
Theta[5,8] 48814 49120
Theta[6,8] 49121 49427
Theta[7,8] 49428 49734
Theta[8,8] 49735 50041
Theta[9,8] 50042 50348
Theta[10,8] 50349 50655
Theta[11,8] 50656 50962
Theta[12,8] 50963 51269
Theta[13,8] 51270 51576
Theta[14,8] 51577 51883
Theta[15,8] 51884 52190
Theta[16,8] 52191 52497
Theta[17,8] 52498 52804
Theta[18,8] 52805 53111
Theta[19,8] 53112 53418
Theta[20,8] 53419 53725
Theta[21,8] 53726 54032
Theta[22,8] 54033 54339
U[1] 54340 54646
U[2] 54647 54953
U[3] 54954 55260
U[4] 55261 55567
U[5] 55568 55874
U[6] 55875 56181
U[7] 56182 56488
U[8] 56489 56795
U[9] 56796 57102
U[10] 57103 57409
U[11] 57410 57716
U[12] 57717 58023
U[13] 58024 58330
U[14] 58331 58637
U[15] 58638 58944
U[16] 58945 59251
U[17] 59252 59558
U[18] 59559 59865
U[19] 59866 60172
U[20] 60173 60479
U[21] 60480 60786
U[22] 60787 61093
U[23] 61094 61400
U[24] 61401 61707
U[25] 61708 62014
U[26] 62015 62321
U[27] 62322 62628
U[28] 62629 62935
Utot 62936 63242
bU[1] 63243 63549
bU[2] 63550 63856
bU[3] 63857 64163
bU[4] 64164 64470
bU[5] 64471 64777
bU[6] 64778 65084
bU[7] 65085 65391
bU[8] 65392 65698
bU[9] 65699 66005
bU[10] 66006 66312
beta.logitP[1] 66313 66619
beta.logitP[2] 66620 66926
deviance 66927 67233
eU[1] 67234 67540
eU[2] 67541 67847
eU[3] 67848 68154
eU[4] 68155 68461
eU[5] 68462 68768
eU[6] 68769 69075
eU[7] 69076 69382
eU[8] 69383 69689
eU[9] 69690 69996
eU[10] 69997 70303
eU[11] 70304 70610
eU[12] 70611 70917
eU[13] 70918 71224
eU[14] 71225 71531
eU[15] 71532 71838
eU[16] 71839 72145
eU[17] 72146 72452
eU[18] 72453 72759
eU[19] 72760 73066
eU[20] 73067 73373
eU[21] 73374 73680
eU[22] 73681 73987
eU[23] 73988 74294
eU[24] 74295 74601
eU[25] 74602 74908
eU[26] 74909 75215
eU[27] 75216 75522
eU[28] 75523 75829
etaU[1] 75830 76136
etaU[2] 76137 76443
etaU[3] 76444 76750
etaU[4] 76751 77057
etaU[5] 77058 77364
etaU[6] 77365 77671
etaU[7] 77672 77978
etaU[8] 77979 78285
etaU[9] 78286 78592
etaU[10] 78593 78899
etaU[11] 78900 79206
etaU[12] 79207 79513
etaU[13] 79514 79820
etaU[14] 79821 80127
etaU[15] 80128 80434
etaU[16] 80435 80741
etaU[17] 80742 81048
etaU[18] 81049 81355
etaU[19] 81356 81662
etaU[20] 81663 81969
etaU[21] 81970 82276
etaU[22] 82277 82583
etaU[23] 82584 82890
etaU[24] 82891 83197
etaU[25] 83198 83504
etaU[26] 83505 83811
etaU[27] 83812 84118
etaU[28] 84119 84425
logUne[1] 84426 84732
logUne[2] 84733 85039
logUne[3] 85040 85346
logUne[4] 85347 85653
logUne[5] 85654 85960
logUne[6] 85961 86267
logUne[7] 86268 86574
logUne[8] 86575 86881
logUne[9] 86882 87188
logUne[10] 87189 87495
logUne[11] 87496 87802
logUne[12] 87803 88109
logUne[13] 88110 88416
logUne[14] 88417 88723
logUne[15] 88724 89030
logUne[16] 89031 89337
logUne[17] 89338 89644
logUne[18] 89645 89951
logUne[19] 89952 90258
logUne[20] 90259 90565
logUne[21] 90566 90872
logUne[22] 90873 91179
logUne[23] 91180 91486
logUne[24] 91487 91793
logUne[25] 91794 92100
logUne[26] 92101 92407
logUne[27] 92408 92714
logUne[28] 92715 93021
logitP[1] 93022 93328
logitP[2] 93329 93635
logitP[3] 93636 93942
logitP[4] 93943 94249
logitP[5] 94250 94556
logitP[6] 94557 94863
logitP[7] 94864 95170
logitP[8] 95171 95477
logitP[9] 95478 95784
logitP[10] 95785 96091
logitP[11] 96092 96398
logitP[12] 96399 96705
logitP[13] 96706 97012
logitP[14] 97013 97319
logitP[15] 97320 97626
logitP[16] 97627 97933
logitP[17] 97934 98240
logitP[18] 98241 98547
logitP[19] 98548 98854
logitP[20] 98855 99161
logitP[21] 99162 99468
logitP[22] 99469 99775
logitP[23] 99776 100082
logitP[24] 100083 100389
logitP[25] 100390 100696
logitP[26] 100697 101003
logitP[27] 101004 101310
logitP[28] 101311 101617
logitP[29] 101618 101924
logitP[30] 101925 102231
muTT[1] 102232 102538
muTT[2] 102539 102845
muTT[3] 102846 103152
muTT[4] 103153 103459
muTT[5] 103460 103766
muTT[6] 103767 104073
muTT[7] 104074 104380
sdTT 104381 104687
sigmaP 104688 104994
sigmaU 104995 105301
sigmaeU 105302 105608
tauP 105609 105915
tauU 105916 106222
taueU 106223 106529
